0.0000000000
-53947.6622561301
-51610.0151095596
-50643.6256759938
-50100.2592719138
-49741.3061234434
-49488.5201099423
-49294.0339849778
-49130.6657536118
-49007.2398100458
-48933.6597220273
-48892.7030981047
-48867.9618244507
-48850.9860289998
-48838.0907952716
-48827.7036470442
-48819.0218344109
-48811.5222250629
-48805.0415262287
-48799.5897231068
-48795.0064639443
-48791.1033201844
-48787.7316499943
-48784.7776663380
-48782.1529686210
-48779.7875330290
-48777.6247377105
-48775.6178151308
-48773.7274298458
-48771.9203058443
-48770.1689363544
-48768.4523337571
-48766.7574144518
-48765.0800397027
-48763.4244563949
-48761.8005437567
-48760.2196810328
-48758.6909761618
-48757.2192019450
-48755.8046370885
-48754.4441541562
-48753.1327282733
-48751.8648005763
-48750.6352449885
-48749.4398728907
-48748.2754813810
-48747.1395017304
-48746.0293902147
-48744.9419815378
-48743.8730109660
-48742.8168895986
-48741.7666703504
-48740.7140648296
-48739.6493901575
-48738.5614060086
-48737.4371013319
-48736.2615775123
-48735.0182239605
-48733.6893559415
-48732.2573546647
-48730.7061536540
-48729.0227711583
-48727.1985865694
-48725.2301389836
-48723.1192491992
-48720.8722037203
-48718.4976848533
-48716.0031630906
-48713.3895903086
-48710.6444217931
-48707.7333047216
-48704.5914676347
-48701.1173745565
-48697.1735315042
-48692.6005201578
-48687.2463234151
-48681.0026559266
-48673.8319298046
-48665.7735217935
-48656.9317929786
-48647.4560954420
-48637.5202887224
-48627.3037357015
-48616.9741885421
-48606.6746664559
-48596.5168577686
-48586.5812719562
-48576.9218167666
-48567.5718365543
-48558.5496043472
-48549.8625129769
-48541.5100142210
-48533.4856550117
-48525.7785660954
-48518.3746591172
-48511.2576810403
-48504.4101928875
-48497.8144857139
-48491.4534145303
-48485.3111150102
-48479.3735647084
-48473.6289577595
-48468.0678769900
-48462.6832665970
-48457.4702281245
-48452.4256786914
-48447.5479206317
-48442.8361746222
-48438.2901242876
-48433.9095107397
-48429.6938028614
-48425.6419558964
-48421.7522591325
-48418.0222645414
-48414.4487826505
-48411.0279294888
-48407.7552085164
-48404.6256131817
-48401.6337383696
-48398.7738918585
-48396.0401995824
-48393.4267007489
-48390.9274306360
-48388.5364901764
-48386.2481023325
-48384.0566558532
-48381.9567373613
-48379.9431529488
-48378.0109405699
-48376.1553745896
-48374.3719638653
-48372.6564447266
-48371.0047701915
-48369.4130966933
-48367.8777695203
-48366.3953080611
-48364.9623918239
-48363.5758480475
-48362.2326415633
-48360.9298674247
-48359.6647467328
-48358.4346261055
-48357.2369813795
-48356.0694263766
-48354.9297277827
-48353.8158271693
-48352.7258707248
-48351.6582462212
-48350.6116252071
-48349.5850066865
-48348.5777570489
-48347.5896401888
-48346.6208318598
-48345.6719134120
-48344.7438420162
-48343.8378969848
-48342.9556044904
-48342.0986454561
-48341.2687532985
-48340.4676092736
-48339.6967432886
-48338.9574472342
-48338.2507063195
-48337.5771518621
-48336.9370367926
-48336.3302330865
-48335.7562486694
-48335.2142601668
-48334.7031572546
-48334.2215942352
-48333.7680447516
-48333.3408561158
-48332.9383004594
-48332.5586206982
-48332.2000700562
-48331.8609445631
-48331.5396084807
-48331.2345130285
-48330.9442090544
-48330.6673544646
-48330.4027172920
-48330.1491752819
-48329.9057128117
-48329.6714158812
-48329.4454657949
-48329.2271320611
-48329.0157649155
-48328.8107877895
-48328.6116899565
-48328.4180195197
-48328.2293768487
-48328.0454085250
-48327.8658018272
-48327.6902797542
-48327.5185965743
-48327.3505338703
-48327.1858970472
-48327.0245122632
-48326.8662237429
-48326.7108914361
-48326.5583889794
-48326.4086019304
-48326.2614262363
-48326.1167669112
-48325.9745368934
-48325.8346560592
-48325.6970503718
-48325.5616511475
-48325.4283944227
-48325.2972204074
-48325.1680730132
-48325.0408994461
-48324.9156498528
-48324.7922770155
-48324.6707360864
-48324.5509843575
-48324.4329810593
-48324.3166871860
-48324.2020653423
-48324.0890796089
-48323.9776954246
-48323.8678794823
-48323.7595996373
-48323.6528248256
-48323.5475249916
-48323.4436710238
-48323.3412346968
-48323.2401886195
-48323.1405061888
-48323.0421615469
-48322.9451295438
-48322.8493857022
-48322.7549061852
-48322.6616677689
-48322.5696478138
-48322.4788242418
-48322.3891755126
-48322.3006806028
-48322.2133189868
-48322.1270706175
-48322.0419159106
-48321.9578357270
-48321.8748113592
-48321.7928245159
-48321.7118573093
-48321.6318922419
-48321.5529121946
-48321.4749004156
-48321.3978405086
-48321.3217164231
-48321.2465124439
-48321.1722131816
-48321.0988035639
-48321.0262688259
-48320.9545945024
-48320.8837664189
-48320.8137706845
-48320.7445936837
-48320.6762220693
-48320.6086427547
-48320.5418429079
-48320.4758099437
-48320.4105315181
-48320.3459955214
-48320.2821900718
-48320.2191035100
-48320.1567243930
-48320.0950414879
-48320.0340437672
-48319.9737204028
-48319.9140607602
-48319.8550543941
-48319.7966910426
-48319.7389606226
-48319.6818532241
-48319.6253591064
-48319.5694686919
-48319.5141725628
-48319.4594614549
-48319.4053262547
-48319.3517579928
-48319.2987478412
-48319.2462871077
-48319.1943672316
-48319.1429797796
-48319.0921164411
-48319.0417690239
-48318.9919294497
-48318.9425897499
-48318.8937420609
-48318.8453786199
-48318.7974917606
-48318.7500739085
-48318.7031175767
-48318.6566153609
-48318.6105599354
-48318.5649440484
-48318.5197605172
-48318.4750022234
-48318.4306621082
-48318.3867331679
-48318.3432084482
-48318.3000810398
-48318.2573440730
-48318.2149907123
-48318.1730141513
-48318.1314076069
-48318.0901643137
-48318.0492775184
-48318.0087404732
-48317.9685464306
-48317.9286886363
-48317.8891603227
-48317.8499547026
-48317.8110649618
-48317.7724842522
-48317.7342056842
-48317.6962223192
-48317.6585271614
-48317.6211131496
-48317.5839731491
-48317.5470999425
-48317.5104862202
-48317.4741245723
-48317.4380074773
-48317.4021272929
-48317.3664762451
-48317.3310464177
-48317.2958297412
-48317.2608179806
-48317.2260027240
-48317.1913753703
-48317.1569271160
-48317.1226489427
-48317.0885316033
-48317.0545656081
-48317.0207412108
-48316.9870483939
-48316.9534768535
-48316.9200159844
-48316.8866548646
-48316.8533822394
-48316.8201865052
-48316.7870556940
-48316.7539774561
-48316.7209390445
-48316.6879272982
-48316.6549286258
-48316.6219289894
-48316.5889138887
-48316.5558683447
-48316.5227768852
-48316.4896235299
-48316.4563917761
-48316.4230645859
-48316.3896243736
-48316.3560529948
-48316.3223317365
-48316.2884413089
-48316.2543618387
-48316.2200728639
-48316.1855533319
-48316.1507815979
-48316.1157354280
-48316.0803920034
-48316.0447279277
-48316.0087192387
-48315.9723414215
-48315.9355694268
-48315.8983776919
-48315.8607401665
-48315.8226303418
-48315.7840212846
-48315.7448856743
-48315.7051958466
-48315.6649238394
-48315.6240414450
-48315.5825202651
-48315.5403317721
-48315.4974473731
-48315.4538384787
-48315.4094765766
-48315.3643333068
-48315.3183805429
-48315.2715904741
-48315.2239356919
-48315.1753892769
-48315.1259248899
-48315.0755168613
-48315.0241402842
-48314.9717711053
-48314.9183862161
-48314.8639635432
-48314.8084821364
-48314.7519222539
-48314.6942654458
-48314.6354946321
-48314.5755941779
-48314.5145499619
-48314.4523494414
-48314.3889817097
-48314.3244375475
-48314.2587094679
-48314.1917917531
-48314.1236804842
-48314.0543735637
-48313.9838707285
-48313.9121735564
-48313.8392854639
-48313.7652116957
-48313.6899593063
-48313.6135371348
-48313.5359557707
-48313.4572275128
-48313.3773663224
-48313.2963877678
-48313.2143089645
-48313.1311485085
-48313.0469264042
-48312.9616639886
-48312.8753838501
-48312.7881097428
-48312.6998664996
-48312.6106799400
-48312.5205767764
-48312.4295845185
-48312.3377313757
-48312.2450461572
-48312.1515581730
-48312.0572971316
-48311.9622930397
-48311.8665760980
-48311.7701766001
-48311.6731248282
-48311.5754509486
-48311.4771849076
-48311.3783563244
-48311.2789943834
-48311.1791277233
-48311.0787843251
-48310.9779913931
-48310.8767752340
-48310.7751611278
-48310.6731731913
-48310.5708342333
-48310.4681655956
-48310.3651869828
-48310.2619162734
-48310.1583693113
-48310.0545596730
-48309.9504984076
-48309.8461937423
-48309.7416507490
-48309.6368709655
-48309.5318519620
-48309.4265868452
-48309.3210636894
-48309.2152648816
-48309.1091663678
-48309.0027367831
-48308.8959364486
-48308.7887162118
-48308.6810161065
-48308.5727638030
-48308.4638728159
-48308.3542404309
-48308.2437453044
-48308.1322446882
-48308.0195712167
-48307.9055291908
-48307.7898902786
-48307.6723885441
-48307.5527146992
-48307.4305094616
-48307.3053558809
-48307.1767704799
-48307.0441930346
-48306.9069747916
-48306.7643648997
-48306.6154948008
-48306.4593602995
-48306.2948010009
-48306.1204767741
-48305.9348408773
-48305.7361093579
-48305.5222263280
-48305.2908247248
-48305.0391821873
-48304.7641717451
-48304.4622071221
-48304.1291826309
-48303.7604078903
-48303.3505379794
-48302.8935001558
-48302.3824189728
-48301.8095425472
-48301.1661739009
-48300.4426127281
-48299.6281146116
-48298.7108765625
-48297.6780596139
